Shuttle run            .92 .65 .59 .19 .11 .30 .29 .30 .30 .29 .22 .37
Shuttle-run-with-object    .63 .58 .20 .27 .30 .30 .29 .29 .22 .16 .30
Hopping speed                  .47 .16 .17 .22 .44 .22 .14 .19 .08 .28
Zigzag run                         .18 .26 .33 .32 .30 .20 .22 .20 .30
One-foot-balance-,-eyes-open        .11 .29 .29 .25 .07 .18 .22 -.01
Multistage fitness test                    .17 .32 .18 .10 .15 .13 -.01
One-foot-balance-with-eyes-closed              .21 .25 .18 .17 .13 .06
40-m sprint                                        .37 .21 .21 .23 .20
Dynamic balance                                        .33 .47 .21 .11
Quadrant jump                                             .18 .08 -.10
Hopping-in-square                                             .18 .08
Vertical jump                                                     .26
Basketball throw
.92 .65 .59 .19 .11 .30 .29 .30 .30 .29 .22 .37
    .63 .58 .20 .27 .30 .30 .29 .29 .22 .16 .30
        .47 .16 .17 .22 .44 .22 .14 .19 .08 .28
            .18 .26 .33 .32 .30 .20 .22 .20 .30
                .11 .29 .29 .25 .07 .18 .22 -.01
                    .17 .32 .18 .10 .15 .13 -.01
                        .21 .25 .18 .17 .13 .06
                            .37 .21 .21 .23 .20
                                .33 .47 .21 .11
                                    .18 .08 -.10
                                        .18 .08
                                            .26
